   -0.34491349
    0.21424599
   -0.00616064
   -0.01741440
   -0.01962863
   -0.00959307
   -0.03106472
    0.02335225
    0.04612574
    0.04565620
    0.04038760
   -0.00426479
   -0.03181275
   -0.03775536
    0.01217446
   -0.03590638
   -0.04243019
    0.00987427
   -0.00438762
   -0.03182749
   -0.03595977
    0.01069428
   -0.03637980
   -0.03927062
    0.00972765
    0.00250074
    0.00145711
    0.03547866
    0.03763699
    0.03754165
    0.03216834
    0.03439044
    0.04029348
    0.03387908
    0.03248249
   -0.34357219
    0.21562181
   -0.00813525
   -0.02124565
    0.01306473
   -0.01928027
   -0.02849498
    0.01911665
    0.03667266
    0.04495325
    0.04241069
   -0.00601668
   -0.03189188
   -0.03598887
    0.01029731
   -0.03890042
   -0.03802091
    0.01076588
   -0.04036275
   -0.02238209
   -0.04183383
    0.01350028
   -0.03743809
   -0.04470995
    0.00767004
    0.00346688
    0.00411249
    0.03305306
    0.03988166
    0.03869623
    0.03293863
    0.03031081
    0.03904941
    0.03782164
    0.03299974
    0.04381287
    0.03675942
