           2           1   2.80977415803676     
           3           2   1.09084581830284     
           4           3   1.34856852621451     
           5           4   1.46771883109955     
           6           5   1.42256020329713     
           7           6   1.45395286352329     
           8           3   1.36556577353708     
           8           7   1.38537492563327     
           9           4  0.972302258988792     
          10           6  0.970192962699099     
          11           7  0.971915044739865     
          12           8   1.00886783091517     
          13          12   1.39865629178534     
          14          13   1.46409717733380     
          15          14   1.31169718825751     
          16          15   1.25707592077162     
          17          16   1.57676588067490     
          18          17   1.25583950594953     
          19          18   1.32193925848797     
          20          19   1.36873194697798     
          21          20   1.48221374085095     
          22          21   1.31482019031575     
          23          22   1.23978860086298     
          24          23   1.59082314238847     
          25          12   1.31397716752115     
          25          24   1.25853247353517     
          26          15   1.27084464552868     
          26          25   1.23113464421220     
          27          18   1.22947506362278     
          27          22   1.27419960611187     
          27          26   1.25659697075721     
          28          13  0.972746415968539     
          29          14  0.970303347066143     
          30          16  0.970727576153699     
          31          17  0.967038165177859     
          32          20  0.972000652487631     
          33          21  0.969888432719122     
          34          23  0.970767129183733     
          35          24  0.965672232875167     
          37          36   2.80971563333155     
          38          37   1.08591439945538     
          39          38   1.38364804518695     
          40          19   1.03753632562869     
          40          39   1.40336267343777     
          41          40   1.37172973269372     
          42          41   1.46377155123063     
          43          38   1.32279347454083     
          43          42   1.38189153868839     
          44          39  0.967958854554329     
          45          41  0.971219221082203     
          46          42  0.969402834756251     
          47          43   1.04561691874460     
          48          47   1.36566610451457     
          49          48   1.48292587830918     
          50          49   1.31451634857099     
          51          50   1.24457093754907     
          52          51   1.59489705333770     
          53          52   1.24815444844517     
          54          53   1.33790312902663     
          55          54   1.44589807832800     
          56          55   1.45322825947253     
          57          56   1.31908480980060     
          58          57   1.26519455182582     
          59          58   1.56635407530248     
          60          47   1.31474924990846     
          60          59   1.26687140771198     
          61          50   1.26489314414663     
          61          60   1.22221788144333     
          62          53   1.24156860545754     
          62          57   1.25103490807218     
          62          61   1.27618526807831     
          63          48  0.970254014418904     
          64          49  0.969520426603708     
          65          51  0.971835699042384     
          66          52  0.970996927583575     
          67          55  0.970988503311511     
          68          56  0.972807623081416     
          69          58  0.972651599355060     
          70          59  0.968800147348406     
          71           5  0.969594694685694     
          72          54  0.971347764982903     
