           2           1   2.81670743010146     
           3           2   1.05181764279906     
           4           3   1.35282406362373     
           5           4   1.44106965354628     
           6           5   1.40905748541342     
           7           6   1.44564853624958     
           8           3   1.28073275260219     
           8           7   1.36698339668121     
           9           4  0.944211532332209     
          10           6  0.945240794118895     
          11           7  0.942901526471479     
          12           8   1.04359821871301     
          13          12   1.33435394559884     
          14          13   1.46462873030507     
          15          14   1.32744258703891     
          16          15   1.34324346160892     
          17          12   1.33577950942336     
          17          16   1.45565074676608     
          18          13  0.943905443319355     
          19          16  0.944414245182055     
          21          20   2.82349211619681     
          22          21   1.05033302563957     
          23          22   1.36571914424232     
          24          15   1.03879590674748     
          24          23   1.37189958961914     
          25          24   1.33126235439228     
          26          25   1.46789772806233     
          27          22   1.28288144957124     
          27          26   1.35770768868435     
          28          23  0.941517025997225     
          29          25  0.942370742996169     
          30          26  0.941492636040867     
          31          27   1.02506970023754     
          32          31   1.35646050841888     
          33          32   1.43779616710744     
          34          33   1.40963291117040     
          35          34   1.42007630452770     
          36          31   1.34713178846134     
          36          35   1.43037596509491     
          37          32  0.942259194440031     
          38          35  0.947069235436938     
          39           5  0.944442894798383     
          40          34  0.947688774453270     
