   -0.34465036
    0.09794666
    0.00181203
   -0.02215090
   -0.03366589
   -0.02625405
   -0.02928132
    0.00168989
    0.02433249
    0.03641306
    0.02774407
    0.05948319
    0.05607531
   -0.26662577
    0.06109010
    0.05689001
   -0.25369519
    0.01499889
    0.00568714
   -0.31737603
    0.10556916
    0.00251647
   -0.01801469
   -0.00762794
   -0.03238025
   -0.02973922
   -0.00596485
    0.01879662
    0.00793948
    0.00962102
    0.07533169
    0.05713349
   -0.26776819
    0.04099156
    0.05565318
   -0.26203190
    0.00392891
    0.03270909
    0.03499976
    0.02787330
